0.000000 16.428000
23.920170 16.748000
26.946660 16.774000
27.881350 16.738000
28.884850 16.750000
29.981340 16.743000
33.977430 16.728000
37.936210 16.703000
43.950570 16.693000
47.895450 16.630000
47.907250 16.646000
49.912740 16.607000
51.902330 16.610000
57.876580 16.525000
57.951380 16.521000
72.772370 16.358000
72.969960 16.397000
73.876260 16.376000
73.966760 16.381000
74.811650 16.316000
75.802540 16.293000
77.922520 16.270000
80.837000 16.222000
80.886290 16.215000
93.928080 15.837000
101.813100 15.712000
107.897450 15.717000
126.705790 15.890000
130.768060 15.930000
132.810350 15.958000
163.825890 16.203000
173.847360 16.258000
187.664460 16.332000
192.738670 16.267000
197.739380 16.231000
203.612100 16.280000
205.623200 16.264000
220.629370 16.284000
227.599810 16.244000
228.609420 16.216000
236.588280 16.270000
254.614620 16.254000
255.652130 16.292000
256.631140 16.317000
257.648550 16.318000
258.604050 16.254000
265.598110 16.346000
266.599320 16.354000
284.591180 16.329000
286.572100 16.284000
288.570920 16.261000
292.562450 16.276000
404.982900 16.228000
455.908810 16.435000
458.752780 16.378000
468.928990 16.423000
471.923960 16.422000
482.687770 16.402000
482.785570 16.426000
488.773920 16.397000
493.667180 16.418000
495.889660 16.438000
498.833540 16.393000
514.901640 16.229000
517.886130 16.198000
524.717800 16.094000
529.861080 16.024000
538.683260 15.956000
553.851160 15.856000
558.806270 15.737000
571.652910 15.656000
580.634840 15.557000
596.640840 15.627000
637.626970 16.131000
643.570130 16.200000
700.987830 16.383000
707.018760 16.315000
755.952460 16.170000
764.881320 16.099000
769.873400 16.012000
772.988280 16.028000
780.915430 15.944000
784.803910 15.879000
786.892490 15.888000
789.906670 15.847000
804.908650 15.713000
807.957020 15.731000
820.743510 15.841000
821.886200 15.866000
833.909990 16.070000
835.942870 16.129000
839.874540 16.172000
844.676790 16.140000
844.801290 16.158000
845.764090 16.183000
846.746080 16.161000
848.902960 16.198000
852.920330 16.197000
853.758120 16.195000
858.772480 16.199000
860.758470 16.206000
868.952210 16.208000
870.747700 16.252000
872.735580 16.253000
877.789060 16.222000
882.786430 16.234000
887.779610 16.262000
889.711100 16.249000
891.785990 16.242000
893.736590 16.285000
896.767080 16.259000
898.706270 16.322000
900.719070 16.316000
902.745970 16.362000
904.794360 16.350000
906.753660 16.365000
908.696960 16.389000
911.738860 16.374000
911.871960 16.377000
916.759860 16.431000
920.723660 16.398000
923.717070 16.431000
927.704280 16.458000
930.757380 16.477000
933.742490 16.495000
938.712210 16.510000
940.699520 16.510000
950.688070 16.574000
952.646180 16.570000
954.650290 16.630000
959.636820 16.602000
963.640550 16.595000
965.650970 16.542000
968.663590 16.528000
970.629500 16.553000
972.641120 16.533000
974.651730 16.492000
976.649450 16.487000
978.616670 16.460000
980.622380 16.442000
986.608930 16.342000
1031.547420 15.640000
1038.021770 15.565000
1044.018210 15.569000
1050.004650 15.551000
1052.011160 15.609000
1062.975120 15.713000
1063.970320 15.737000
1071.004950 15.844000
1071.987450 15.834000
1076.010070 15.930000
1078.007970 15.961000
1083.027390 16.063000
1086.945590 16.081000
1092.987600 16.200000
1093.956900 16.235000
1093.960300 16.227000
1111.982390 16.371000
1141.977060 16.454000
1143.889350 16.449000
1144.779640 16.392000
1175.762700 16.436000
1179.774570 16.384000
1195.713920 16.312000
1197.720500 16.307000
1199.750480 16.286000
1207.762410 16.242000
1220.738610 16.106000
1222.743090 16.076000
1226.768760 16.044000
1247.765030 15.790000
1251.734010 15.679000
1254.745500 15.613000
1257.745290 15.564000
1259.745390 15.551000
1261.742880 15.508000
1263.771270 15.493000
1265.755570 15.479000
1267.755270 15.455000
1270.714960 15.457000
1283.771660 15.540000
1285.776960 15.564000
1287.765870 15.575000
1289.755770 15.634000
1293.726580 15.692000
1296.720590 15.733000
1301.660100 15.834000
1304.672020 15.909000
1307.660330 15.965000
1311.659350 16.031000
1314.670460 16.084000
1317.634280 16.126000
1318.638390 16.134000
1321.667700 16.177000
1324.640520 16.208000
1329.636460 16.272000
1336.631410 16.350000
1340.624640 16.389000
1349.637710 16.477000
1408.022600 16.401000
1445.981680 15.808000
1451.968890 15.732000
1467.971800 15.746000
1470.948900 15.765000
1475.888690 15.751000
1483.838670 15.820000
1505.929770 15.876000
1507.908160 15.851000
1526.865420 15.888000
1529.860000 15.934000
1534.868360 15.982000
1538.927320 16.015000
1544.921570 16.082000
1550.728010 16.115000
1550.946310 16.164000
1554.692180 16.153000
1556.699360 16.165000
1558.703040 16.214000
1563.718400 16.275000
1569.774140 16.382000
1575.706090 16.424000
1577.735770 16.475000
1579.728460 16.463000
1581.741640 16.490000
1583.728920 16.533000
1584.745620 16.565000
1585.929710 16.586000
1590.705270 16.612000
1592.740250 16.658000
1594.843740 16.650000
1596.839630 16.713000
1597.849520 16.722000
1599.684110 16.733000
1604.856770 16.796000
1606.789060 16.804000
1608.807650 16.830000
1610.721240 16.806000
1616.810810 16.825000
1618.782910 16.824000
1621.793900 16.871000
1622.772090 16.798000
1624.773290 16.840000
1626.734180 16.810000
1628.775180 16.809000
1630.779170 16.746000
1632.771570 16.699000
1636.740460 16.613000
1639.856160 16.512000
1647.785660 16.341000
1651.751660 16.251000
1653.741970 16.157000
1655.723070 16.095000
1658.819580 16.013000
1660.716880 15.993000
1662.713290 15.911000
1665.693600 15.846000
1667.764010 15.790000
1670.693520 15.724000
1673.704930 15.670000
1676.675750 15.646000
1688.658120 15.628000
1691.643040 15.662000
1694.624260 15.663000
1697.661480 15.680000
1703.625220 15.736000
1705.615640 15.754000
1710.631380 15.857000
1713.642800 15.929000
1723.641890 16.028000
1742.592960 16.202000
1759.568200 16.041000
1883.834790 16.264000
1885.931370 16.238000
1887.809760 16.168000
1888.850550 16.171000
1889.829540 16.152000
1894.763100 16.054000
1896.774980 16.017000
1898.757670 16.004000
1899.874260 15.991000
1902.721630 15.925000
1904.717120 15.892000
1909.704070 15.871000
1914.936220 15.911000
1919.915480 15.909000
1921.758560 15.894000
1925.712930 15.889000
1927.882910 15.917000
1933.695850 15.948000
1935.696640 15.976000
1936.685730 15.973000
1938.670310 15.979000
1939.716000 16.031000
1939.932900 16.021000
1941.890880 16.031000
1944.879760 16.105000
1946.685740 16.105000
1951.725800 16.177000
1953.727290 16.206000
1955.714870 16.210000
1957.700060 16.224000
1961.871230 16.230000
1962.708620 16.230000
1990.779780 16.022000
1993.792980 15.939000
1994.790070 15.999000
1996.750570 15.978000
1997.776470 15.948000
2002.790060 15.965000
2005.775960 15.975000
2007.761360 15.939000
2012.760160 15.981000
2014.753760 16.022000
2016.732360 16.041000
2019.736670 16.110000
2021.724870 16.106000
2023.737680 16.122000
2025.733280 16.192000
2034.726510 16.298000
2047.645880 16.490000
2157.027310 15.784000
2211.928080 15.865000
2214.880970 15.825000
2222.942340 15.770000
2231.901990 15.757000
2243.858720 15.805000
2244.851610 15.805000
2247.829990 15.826000
2251.844160 15.858000
2257.757920 15.906000
2258.787710 15.925000
2269.756920 16.044000
2280.903820 16.284000
2300.878340 16.582000
2303.868810 16.627000
2326.883030 16.502000
2329.860010 16.475000
2332.689890 16.427000
2332.879590 16.407000
2335.802670 16.370000
2335.861470 16.369000
2338.690360 16.293000
2338.827860 16.313000
2341.725740 16.247000
2341.829540 16.259000
2344.686630 16.164000
2347.666210 16.083000
2347.950310 16.100000
2351.802700 16.032000
2354.676790 15.978000
2360.685270 15.886000
