0.000000 0.258391 0.276281
0.098690 0.145330 0.153293
0.384328 -0.172846 -0.181042
0.627176 -0.273843 -0.269936
1.020351 0.088306 -0.015623
1.114793 0.106982 0.111177
1.555939 0.289492 0.262110
1.774397 0.001563 -0.025249
1.850844 -0.138947 -0.112472
2.392950 -0.218167 -0.188391
2.617703 0.069358 0.056030
2.852169 0.316790 0.333346
3.071782 0.314679 0.290890
3.448299 -0.169197 -0.163331
3.797578 -0.278337 -0.257685
3.851948 -0.229788 -0.237972
4.073811 -0.033765 -0.055479
4.275964 0.251274 0.212426
4.647207 0.221388 0.256120
4.803188 0.041816 0.049505
5.115154 -0.246944 -0.241477
5.277066 -0.290885 -0.268943
5.950095 0.340478 0.340776
5.861692 0.374630 0.263844
6.396258 -0.026272 -0.016286
6.396769 0.027383 -0.016932
6.602345 -0.248064 -0.212676
6.739717 -0.234348 -0.265466
7.276166 0.084561 0.096488
7.539896 0.025021 0.359424
7.671823 0.330166 0.317093
8.230775 -0.329817 -0.252625
8.391618 -0.237519 -0.265424
8.719127 -0.059035 -0.035835
8.950297 0.249290 0.266742
9.036528 0.337113 0.341026
9.302893 0.258084 0.224078
9.677114 -0.207744 -0.205621
9.926113 -0.294610 -0.266735
10.087252 -0.191667 -0.202819
10.441804 0.167510 0.204512
10.908518 0.190328 0.141208
11.014860 0.022322 -0.003020
10.929460 0.177917 0.112328
11.509827 -0.262625 -0.258432
11.640840 -0.236836 -0.195621
11.741247 -0.110391 -0.108343
12.140624 0.263838 0.350213
12.414236 0.235934 0.191517
12.554827 -0.017554 0.000893
13.068821 -0.279996 -0.253753
13.300221 -0.093031 -0.091361
13.429923 0.019509 0.071361
13.759153 0.351323 0.360212
14.058185 0.009715 0.053580
14.341260 -0.202517 -0.226284
14.727474 -0.197422 -0.195178
14.914373 -0.015347 -0.006684
15.139339 0.318392 0.284891
15.178119 0.311244 0.320189
15.645718 -0.016538 -0.005408
15.991519 -0.249190 -0.264376
16.035721 -0.276887 -0.269570
16.341768 -0.152651 -0.136563
16.645231 0.250807 0.243659
16.735088 0.352034 0.330568
17.065798 0.175242 0.161313
17.621781 -0.274792 -0.268885
17.641121 -0.259193 -0.266733
17.869585 -0.124309 -0.150501
18.244342 0.281483 0.303310
18.527501 0.249652 0.263724
18.794885 -0.029961 -0.081465
19.064224 -0.292656 -0.261635
19.218132 -0.242187 -0.260151
19.604362 0.072653 0.074709
19.834724 0.365773 0.339381
19.943848 0.348884 0.357286
20.366214 -0.099176 -0.111826
20.647077 -0.107373 -0.268215
20.954883 -0.159936 -0.151126
21.262011 0.228637 0.228822
21.372634 0.375481 0.336249
21.775056 0.046455 0.051039
21.949394 -0.134127 -0.150406
22.147809 -0.277647 -0.261078
22.264091 -0.229346 -0.267527
23.054618 0.301165 0.347850
23.071346 0.411002 0.338790
23.256303 0.148820 0.136005
23.708839 -0.276883 -0.264798
23.722483 -0.267824 -0.266944
24.225041 0.069207 0.063309
24.418851 0.322740 0.305586
24.772609 0.165251 0.172378
24.939250 -0.034805 -0.049507
25.219868 -0.260000 -0.257507
25.448748 -0.431875 -0.240269
25.745049 0.015813 0.032208
25.853777 0.144883 0.180817
26.199713 0.332772 0.306947
26.447787 -0.185510 -0.006778
26.646095 -0.135486 -0.202992
26.936449 -0.229484 -0.259317
27.174282 -0.077325 -0.105178
27.734513 0.327201 0.314040
27.727425 0.154360 0.319826
28.012617 -0.040955 -0.034189
28.258692 -0.326139 -0.240853
28.632771 -0.204768 -0.181796
28.864238 0.090051 0.077286
29.059286 0.307796 0.315468
29.371054 0.197673 0.212512
29.575159 -0.044601 -0.057701
29.894613 -0.259036 -0.266962
29.947435 -0.244800 -0.269869
30.251520 -0.108999 -0.114232
30.754147 0.346770 0.354314
31.000553 0.059186 0.095612
31.214317 -0.182909 -0.156503
31.605618 -0.180095 -0.246453
31.595108 -0.245128 -0.250315
31.903058 0.004431 0.013666
32.278371 0.378798 0.359594
32.546965 0.115519 0.090901
32.810859 -0.178390 -0.198121
33.209445 -0.176952 -0.217031
33.116267 -0.269596 -0.257214
33.449913 0.010708 0.018740
33.749960 0.192237 0.353216
34.056106 0.130675 0.137652
34.377300 -0.214291 -0.213256
34.711150 -0.252259 -0.238330
34.665084 -0.221330 -0.255524
35.095452 0.153166 0.158820
35.485585 0.279574 0.279886
35.447284 0.317281 0.315895
35.937071 -0.227371 -0.222946
36.299449 -0.239610 -0.214663
36.532978 0.084273 0.014874
36.708682 0.240587 0.248925
37.031769 0.265551 0.276527
37.265817 -0.012364 -0.028260
37.513158 -0.218826 -0.239317
37.792483 -0.321938 -0.240384
38.104311 -0.012695 0.052779
38.277478 0.285140 0.277759
38.500268 0.368818 0.339437
38.751579 0.013238 0.046269
39.122101 -0.256288 -0.261379
39.227435 -0.298042 -0.268566
39.668556 0.030602 0.081851
39.797684 0.289421 0.252431
40.433545 -0.189570 -0.120266
40.567353 -0.249732 -0.223648
40.675998 -0.250083 -0.263703
40.906395 -0.207523 -0.227037
41.150164 0.004079 -0.000521
41.603392 0.336009 0.328169
41.768782 0.102858 0.140845
41.849496 0.122284 0.030258
42.183120 -0.231989 -0.254648
42.456983 -0.220113 -0.222963
42.681271 -0.038398 -0.015725
43.207667 0.338732 0.272346
43.247311 0.215040 0.226049
43.313922 0.055137 0.137905
43.764535 -0.350604 -0.264192
43.999116 -0.210012 -0.223438
44.254813 0.063995 0.023902
44.569583 0.357284 0.358913
44.940159 0.009650 0.024052
45.138838 -0.178039 -0.186699
45.507101 -0.183280 -0.240549
45.567174 -0.230063 -0.208687
45.691815 -0.090712 -0.103569
46.220710 0.352177 0.336084
46.583630 -0.068676 -0.097583
46.745390 -0.234017 -0.226879
46.944426 -0.240076 -0.268376
47.351956 0.041251 0.038786
47.464338 0.171820 0.192161
47.717341 0.387771 0.357428
48.068949 -0.027766 -0.030900
48.449206 -0.253531 -0.269924
48.796411 -0.059470 -0.083456
48.811375 -0.101990 -0.066504
48.953117 0.182377 0.118537
49.355325 0.319978 0.297163
49.774396 -0.194061 -0.191481
49.873498 -0.247105 -0.246080
50.313950 -0.042962 -0.110717
50.275050 -0.179146 -0.148291
50.651131 0.348383 0.306732
50.947418 0.288207 0.244179
51.275443 0.051474 -0.158343
51.424443 -0.237276 -0.249056
51.624993 -0.198023 -0.259177
51.908023 0.022314 -0.054044
52.185150 0.301518 0.298481
