0.000000 0.267787 0.290811
0.234314 -0.196628 -0.007301
0.338369 -5.597540 -0.128444
0.984076 -0.660758 -0.100109
1.011801 -0.038712 -0.068598
1.143256 5.936781 0.103892
1.720639 2.634429 0.068851
1.680205 3.513540 0.124667
1.959374 -0.372807 -0.196904
2.204527 -0.278745 -0.280769
2.298996 -0.274506 -0.263053
2.774801 -2.947233 0.221521
2.976186 2.195292 0.350259
3.410832 3.299577 -0.114489
3.617892 -0.206207 -0.260403
3.672531 -1.296087 -0.275327
4.131325 -2.840045 -0.027645
4.432433 0.340135 0.329473
4.582795 0.314121 0.326650
4.979277 -0.148405 -0.140225
5.127981 -0.250409 -0.246822
5.541953 -4.283878 -0.169775
5.636669 -3.018032 -0.073437
5.996302 0.349076 0.339975
6.206297 -1.682891 0.255889
6.424551 -0.060710 -0.030617
6.765311 -5.257428 -0.276528
6.996420 -0.205871 -0.232538
7.363935 0.142384 0.170323
7.567100 0.293614 0.348647
7.941016 -1.932690 0.003539
7.961889 -0.023568 -0.023457
8.196017 -2.419257 -0.237915
8.549199 -0.190252 -0.226915
8.839947 5.010819 0.078591
9.177772 4.815700 0.343264
9.376843 0.126226 0.149784
9.728664 0.910526 -0.232295
9.937515 -2.406390 -0.279520
9.978697 -2.202405 -0.272916
10.430692 2.545057 0.144366
10.739470 1.671975 0.335231
10.889737 0.203262 0.189878
11.363048 -2.161414 -0.269800
11.461578 0.216855 -0.280808
11.786863 -0.081356 -0.098148
11.851119 -1.310333 -0.021560
12.237405 3.132469 0.349845
12.457643 0.058722 0.156824
12.934668 -0.270078 -0.276077
13.198874 1.752318 -0.213964
13.371477 -0.112746 -0.049810
13.538318 2.402405 0.173494
13.858175 0.194211 0.314850
14.123637 2.861428 -0.010311
14.210133 -0.119731 -0.112696
14.722602 -3.545773 -0.226082
14.813164 -0.202092 -0.158111
14.914878 6.653490 -0.049321
15.527690 1.427343 0.178143
15.659539 0.013825 -0.001079
15.997922 -0.243003 -0.271296
16.176165 -5.264403 -0.266195
16.393835 -0.142255 -0.121626
16.850339 0.345559 0.351057
16.778345 -0.460320 0.330573
17.033326 1.406891 0.225655
17.410421 2.312533 -0.211815
17.705246 -0.297436 -0.270120
17.985171 -10.446392 -0.068162
18.424305 0.334623 0.346820
18.477733 -1.116646 0.321526
18.740980 -0.016230 0.004902
19.245474 -0.286899 -0.270830
19.266397 -0.282618 -0.264880
19.677266 -8.624482 0.128727
19.915334 0.347311 0.349418
20.099898 0.255133 0.248492
20.417649 -0.165707 -0.148225
20.709959 -0.257162 -0.281043
20.832895 -0.237179 -0.256542
21.305759 0.181078 0.239436
21.195313 0.238432 0.094293
21.702263 1.839917 0.174736
21.893803 -0.093714 -0.078022
22.149131 -0.252925 -0.265512
22.407540 -1.180415 -0.242491
22.890661 0.281981 0.284340
23.073648 0.277033 0.339792
23.439027 0.948443 -0.080580
23.707047 -3.568881 -0.269799
23.880174 -0.269085 -0.269345
24.057247 -0.200925 -0.170381
24.451311 0.335995 0.300430
24.547139 -2.127170 0.349848
24.865503 0.080322 0.069038
25.137127 -0.024088 -0.219453
25.475629 -4.562962 -0.250845
25.823039 -0.499123 0.092532
25.917941 0.198143 0.219237
26.123963 0.318268 0.349906
26.603166 -0.186090 -0.160644
26.752597 -3.000586 -0.256531
27.077411 -4.187675 -0.219440
27.274558 -0.998371 -0.029873
27.574078 -3.811685 0.327479
27.799805 0.226177 0.265105
28.040509 -0.056718 -0.047939
28.247910 -1.230789 -0.234096
28.622930 -0.240936 -0.217836
28.834784 -2.669571 -0.007846
29.241453 -1.419696 0.341510
29.485633 -4.939121 0.081266
29.668924 -0.137269 -0.141818
30.058255 -0.179116 -0.267649
30.151145 0.042215 -0.226947
30.273672 -0.123681 -0.128926
30.645054 0.920066 0.317548
30.952073 0.587980 0.185527
31.273226 7.362625 -0.194545
31.688381 -4.514118 -0.230299
31.742185 -0.251866 -0.194625
32.058905 0.190749 0.179564
32.289934 -1.919170 0.350590
32.562987 0.098967 0.093212
32.638305 0.081895 -0.008586
32.995064 2.983725 -0.276318
33.319825 -0.171172 -0.166418
33.491350 10.045319 0.028614
33.872773 0.364700 0.340577
33.921488 0.303294 0.311597
34.246944 -0.116039 -0.088446
34.775187 -0.334369 -0.229837
34.955860 3.103841 -0.070877
35.173307 -3.974084 0.215981
35.574061 0.197215 0.194639
35.503084 -2.434082 0.277230
35.827933 -0.821495 -0.129013
36.242060 -0.220444 -0.264024
36.645786 -7.253765 0.122565
36.928304 -4.127584 0.349399
36.952523 0.363174 0.342995
37.136032 0.163050 0.169724
37.384209 -0.099962 -0.142092
37.815329 5.320998 -0.252694
38.213098 2.568686 0.155775
38.200080 0.135454 0.138070
38.697982 0.173895 0.144153
38.895000 -0.578684 -0.109364
39.023335 -1.791196 -0.218951
39.403931 0.961519 -0.229984
39.667299 0.046154 0.033938
39.826985 0.269979 0.245486
40.323278 3.272752 0.031160
40.439923 -0.163535 -0.111413
40.836813 -0.218918 -0.273333
41.013156 -0.167031 -0.184545
41.052348 2.404849 -0.150588
41.469604 0.342797 0.332384
41.833002 0.038711 0.076617
42.001948 -0.184213 -0.131035
42.334448 -3.418528 -0.280052
42.592755 -0.137361 -0.152996
42.778540 0.073015 0.068384
42.956120 7.693127 0.290443
43.263976 -0.686291 0.226080
43.531618 0.946820 -0.117409
43.987635 -3.339213 -0.252565
44.278364 5.142242 0.009951
44.405973 2.996855 0.183598
44.603229 -2.046305 0.349401
44.937381 0.039761 0.051379
45.292008 -0.247087 -0.264844
45.594480 -0.245717 -0.218762
45.586092 -0.098704 -0.223981
45.978210 4.871450 0.220796
46.415860 1.625304 0.140226
46.476917 0.072148 0.056115
46.612589 -0.108334 -0.112120
47.296252 -0.072492 -0.075085
47.252414 -5.241700 -0.123087
47.514961 0.217787 0.213061
47.807126 0.328716 0.312638
47.991752 0.080290 0.094920
48.443869 -2.876756 -0.278981
48.399533 -0.259503 -0.270952
49.008310 0.138922 0.147929
49.030284 0.177244 0.177423
49.313785 2.844689 0.335573
49.651803 3.178232 -0.059196
50.038972 -0.271274 -0.280706
50.090160 -0.262634 -0.274314
50.274558 -0.341859 -0.181806
50.567718 -2.171495 0.170034
51.022552 7.255500 0.170364
51.182504 1.489921 -0.044250
51.542743 -0.291938 -0.280179
51.767490 -0.199314 -0.218117
52.082921 0.108536 0.132372
52.296701 -0.909616 0.343945
